{
 "cells": [
  {
   "cell_type": "markdown",
   "metadata": {},
   "source": [
    "# Import Libraries"
   ]
  },
  {
   "cell_type": "code",
   "execution_count": 1,
   "metadata": {},
   "outputs": [
    {
     "data": {
      "application/vnd.webio.node+json": {
       "children": [],
       "instanceArgs": {
        "namespace": "html",
        "tag": "div"
       },
       "nodeType": "DOM",
       "props": {},
       "type": "node"
      },
      "text/html": [
       "<div style=\"padding: 1em; background-color: #f8d6da; border: 1px solid #f5c6cb; font-weight: bold;\">\n",
       "<p>The WebIO Jupyter extension was not detected. See the\n",
       "<a href=\"https://juliagizmos.github.io/WebIO.jl/latest/providers/ijulia/\" target=\"_blank\">\n",
       "    WebIO Jupyter integration documentation\n",
       "</a>\n",
       "for more information.\n",
       "</div>\n"
      ],
      "text/plain": [
       "WebIO._IJuliaInit()"
      ]
     },
     "metadata": {},
     "output_type": "display_data"
    },
    {
     "name": "stderr",
     "output_type": "stream",
     "text": [
      "<frozen importlib._bootstrap>:241: RuntimeWarning: scipy._lib.messagestream.MessageStream size changed, may indicate binary incompatibility. Expected 56 from C header, got 64 from PyObject\n"
     ]
    },
    {
     "data": {
      "text/plain": [
       "covToCorr"
      ]
     },
     "execution_count": 1,
     "metadata": {},
     "output_type": "execute_result"
    }
   ],
   "source": [
    "using DataFrames\n",
    "using DataFramesMeta\n",
    "using PyCall\n",
    "using PlotlyJS\n",
    "using Random\n",
    "import Statistics: cor\n",
    "using Clustering\n",
    "\n",
    "@pyimport sklearn.metrics as Metrics\n",
    "@pyimport sklearn.ensemble as Ensemble\n",
    "@pyimport sklearn.tree as Tree\n",
    "@pyimport sklearn.datasets as Datasets\n",
    "@pyimport sklearn.model_selection as ModelSelection\n",
    "\n",
    "include(\"GenerateSyntheticData.jl\");\n",
    "include(\"Clustering.jl\")"
   ]
  },
  {
   "cell_type": "markdown",
   "metadata": {},
   "source": [
    "# Generate Synthetic Test Data"
   ]
  },
  {
   "cell_type": "code",
   "execution_count": 2,
   "metadata": {},
   "outputs": [],
   "source": [
    "X, y = getTestData(\n",
    "    nFeatures=40,\n",
    "    nInformative=5, \n",
    "    nRedundant=30,\n",
    "    nSamples=10000,\n",
    "    sigmaStd=0.1);"
   ]
  },
  {
   "cell_type": "markdown",
   "metadata": {},
   "source": [
    "# Cluster Features"
   ]
  },
  {
   "cell_type": "code",
   "execution_count": 3,
   "metadata": {},
   "outputs": [],
   "source": [
    "function clusterKMeansBase(correlation; \n",
    "                           numberClusters = 10, \n",
    "                           iterations = 10)\n",
    "    distance = sqrt.((1 .- correlation)/2) # distance matrix\n",
    "    silh, kmeansOut = [NaN], [NaN] # initial value for silh, kmeans\n",
    "    for init ∈ 1:iterations\n",
    "        for i ∈ 2:numberClusters\n",
    "            kmeans_ = kmeans(distance, i) # clustering distance with maximum cluster i\n",
    "            silh_ = Metrics.silhouette_samples(distance, assignments(kmeans_)) # silh score of clustering\n",
    "            statistic = (mean(silh_)/std(silh_), mean(silh)/std(silh)) # calculate t-statistic\n",
    "            if isnan(statistic[2]) || statistic[1]>statistic[2]\n",
    "                silh, kmeansOut = silh_, kmeans_ # replace better clustering\n",
    "            end\n",
    "        end\n",
    "    end\n",
    "    indexSorted = sortperm(assignments(kmeansOut)) # sort arguments based on clustering\n",
    "    correlationSorted = correlation[indexSorted, indexSorted] # new corr matrix based on clustering\n",
    "    # dictionary of clustering\n",
    "    clusters = Dict(\"$i\"=> filter(p->assignments(kmeansOut)[p] == i, indexSorted) for i in unique(assignments(kmeansOut)))\n",
    "    silh = DataFrames.DataFrame(silh = silh) # dataframe of silh scores\n",
    "    return correlationSorted, clusters, silh, indexSorted, kmeansOut\n",
    "end\n",
    "\n",
    "correlationSorted, clusters, silh, indexSorted = clusterKMeansBase(\n",
    "    X |> Matrix |> cor,\n",
    "    numberClusters=25,\n",
    "    iterations=20\n",
    ");"
   ]
  },
  {
   "cell_type": "markdown",
   "metadata": {},
   "source": [
    "# Plot Results"
   ]
  },
  {
   "cell_type": "code",
   "execution_count": 4,
   "metadata": {},
   "outputs": [
    {
     "data": {
      "application/vnd.plotly.v1+json": {
       "config": {
        "editable": false,
        "responsive": true,
        "scrollZoom": true,
        "showLink": false,
        "staticPlot": false
       },
       "data": [
        {
         "transpose": true,
         "type": "heatmap",
         "x": [
          "I_4",
          "R_3",
          "R_4",
          "R_7",
          "R_8",
          "R_9",
          "R_16",
          "R_22",
          "R_30",
          "I_5",
          "R_5",
          "R_24",
          "R_26",
          "R_28",
          "R_29",
          "I_3",
          "R_11",
          "R_12",
          "R_15",
          "R_21",
          "R_25",
          "N_1",
          "N_2",
          "N_3",
          "N_4",
          "N_5",
          "I_2",
          "R_2",
          "R_13",
          "R_19",
          "R_23",
          "R_27",
          "I_1",
          "R_1",
          "R_6",
          "R_10",
          "R_14",
          "R_17",
          "R_18",
          "R_20"
         ],
         "y": [
          "I_4",
          "R_3",
          "R_4",
          "R_7",
          "R_8",
          "R_9",
          "R_16",
          "R_22",
          "R_30",
          "I_5",
          "R_5",
          "R_24",
          "R_26",
          "R_28",
          "R_29",
          "I_3",
          "R_11",
          "R_12",
          "R_15",
          "R_21",
          "R_25",
          "N_1",
          "N_2",
          "N_3",
          "N_4",
          "N_5",
          "I_2",
          "R_2",
          "R_13",
          "R_19",
          "R_23",
          "R_27",
          "I_1",
          "R_1",
          "R_6",
          "R_10",
          "R_14",
          "R_17",
          "R_18",
          "R_20"
         ],
         "z": [
          [
           1,
           0.9999724890476643,
           0.9999723676499513,
           0.999972159071887,
           0.9999720619127034,
           0.9999720737443338,
           0.999972026601529,
           0.9999720105211998,
           0.999971925603913,
           0.15116536996896107,
           0.1511830015517224,
           0.151098467419844,
           0.15116999821526494,
           0.15117394377795718,
           0.15118698262563704,
           -0.11052814402037348,
           -0.11057848009254279,
           -0.11060337179183705,
           -0.11058985185301015,
           -0.11053423694964895,
           -0.11038639264463854,
           -0.009238135805192919,
           -0.01848317534786668,
           0.006934465821150997,
           0.0012801142716737921,
           0.008493894153635714,
           -0.09169541083254519,
           -0.09165237124844212,
           -0.09170004253732553,
           -0.09176371067639265,
           -0.09162877260006067,
           -0.09167106988760013,
           -0.06913573858058204,
           -0.06912726663676338,
           -0.0692301488692966,
           -0.06894954034226536,
           -0.06912484870436394,
           -0.06906976217305953,
           -0.06901187660496447,
           -0.06914557410101259
          ],
          [
           0.9999724890476643,
           1,
           0.9999448215061564,
           0.9999444465752825,
           0.9999440488426011,
           0.9999444051217365,
           0.9999450046998568,
           0.9999444444045263,
           0.9999446675276409,
           0.1512905972022076,
           0.15130944673001476,
           0.15122367255070113,
           0.15129488393068852,
           0.1512994083530261,
           0.15131263336497958,
           -0.11053658485272413,
           -0.1105869122092123,
           -0.11061181506492361,
           -0.11059799753582397,
           -0.11054213477514202,
           -0.1103944669112808,
           -0.009235811988733135,
           -0.01838135784068549,
           0.006990524532000745,
           0.0013282669332536443,
           0.008563276118018553,
           -0.09165656777313595,
           -0.091614107176822,
           -0.09166031717779659,
           -0.09172490687928588,
           -0.09158958862091979,
           -0.09163304931810642,
           -0.06918210539761883,
           -0.0691739021459809,
           -0.06927605200419047,
           -0.06899598974730843,
           -0.06917015467455066,
           -0.06911513462560775,
           -0.06905805772813635,
           -0.06919242781313116
          ],
          [
           0.9999723676499513,
           0.9999448215061564,
           1,
           0.99994431726481,
           0.9999441355171328,
           0.999944714355929,
           0.9999456839181491,
           0.9999447203915837,
           0.9999439830327047,
           0.15119094630414778,
           0.15120834765985977,
           0.15112378106462473,
           0.1511958792879569,
           0.15119947306039352,
           0.15121205595315054,
           -0.11052339523247653,
           -0.11057432441404152,
           -0.11059916604475896,
           -0.11058473855444068,
           -0.11053096043837288,
           -0.11038134948737928,
           -0.009161930460810699,
           -0.018511220085669824,
           0.006965134892408135,
           0.0013709657726489065,
           0.008507358198710247,
           -0.09162150419929133,
           -0.09157816245485051,
           -0.09162535290417932,
           -0.09168985484129963,
           -0.09155541503304662,
           -0.0915969724062213,
           -0.06911885621039399,
           -0.06911021222341172,
           -0.06921300179600276,
           -0.06893266062564506,
           -0.06910814764233804,
           -0.06905302404133459,
           -0.06899473459748728,
           -0.06912906112301836
          ],
          [
           0.999972159071887,
           0.9999444465752825,
           0.99994431726481,
           1,
           0.9999445172129072,
           0.9999441163961443,
           0.9999450099102998,
           0.9999441280460919,
           0.9999438121041752,
           0.1511906836087583,
           0.15120821035419893,
           0.15112394793238892,
           0.15119562440707135,
           0.15119922198799854,
           0.15121168936231993,
           -0.11042133900851729,
           -0.11047132924356792,
           -0.11049673247271186,
           -0.11048313755566475,
           -0.11042705737376494,
           -0.11027940393172135,
           -0.00923809232230225,
           -0.01849918361857535,
           0.006951093700847338,
           0.0012616769127614972,
           0.008532714564714744,
           -0.09165673907505088,
           -0.0916139720174146,
           -0.09166185910731077,
           -0.09172534798464381,
           -0.09159014114189047,
           -0.09163191360744115,
           -0.06922293423321786,
           -0.06921468802606293,
           -0.0693174801187467,
           -0.06903716311754098,
           -0.06921107662302368,
           -0.06915664403104528,
           -0.06909999576440923,
           -0.06923206118231327
          ],
          [
           0.9999720619127034,
           0.9999440488426011,
           0.9999441355171328,
           0.9999445172129072,
           1,
           0.9999431916361775,
           0.9999440104421194,
           0.9999442714828302,
           0.9999433707007888,
           0.1511960826560622,
           0.15121430880657025,
           0.15113014709899653,
           0.15120044962941911,
           0.15120429336934918,
           0.15121771832592454,
           -0.11056569849271707,
           -0.11061642039820856,
           -0.11064089509093347,
           -0.11062755596078809,
           -0.11057205120820132,
           -0.1104236790696652,
           -0.009140402956538831,
           -0.01847652054887885,
           0.006873685956463235,
           0.0013179479905723092,
           0.008504684658181657,
           -0.09165416882830932,
           -0.09161037785516878,
           -0.09165879318506379,
           -0.09172182070037695,
           -0.09158768857556533,
           -0.09162956547631637,
           -0.06920945785955614,
           -0.06920139865950953,
           -0.06930388552090597,
           -0.06902508909887392,
           -0.06919812195261853,
           -0.06914309164164628,
           -0.069086444434327,
           -0.06921975608098471
          ],
          [
           0.9999720737443338,
           0.9999444051217365,
           0.999944714355929,
           0.9999441163961443,
           0.9999431916361775,
           1,
           0.9999444550113029,
           0.9999439193677188,
           0.9999443358830412,
           0.15107743741614368,
           0.15109518837880917,
           0.15100933216696366,
           0.1510817846233958,
           0.15108635609312815,
           0.15109929003989656,
           -0.11054077277136427,
           -0.11059057619380708,
           -0.11061611205716407,
           -0.11060265311616965,
           -0.11054715997976418,
           -0.11039923624375347,
           -0.009201177766326802,
           -0.018514673856805157,
           0.007035120512498676,
           0.0012155281504715927,
           0.008520401713109636,
           -0.0916851505346969,
           -0.09164172820868634,
           -0.09168909503565258,
           -0.09175328674494321,
           -0.09161817326992262,
           -0.09166120511815577,
           -0.06906992675911588,
           -0.06906266881812789,
           -0.06916487391669832,
           -0.06888365585657155,
           -0.06905946262943251,
           -0.06900374285302469,
           -0.06894643133254756,
           -0.0690794345275451
          ],
          [
           0.999972026601529,
           0.9999450046998568,
           0.9999456839181491,
           0.9999450099102998,
           0.9999440104421194,
           0.9999444550113029,
           1,
           0.9999436470960663,
           0.9999432989989769,
           0.1511009045698999,
           0.15111814197628162,
           0.15103398340094806,
           0.15110599673260658,
           0.1511088525101682,
           0.1511227797295738,
           -0.11049326855477648,
           -0.11054390003441554,
           -0.11056785636063357,
           -0.11055539972285529,
           -0.11049934363642637,
           -0.11035184648486039,
           -0.009196627497866627,
           -0.018467992521669023,
           0.006970323220378969,
           0.0013135785564694642,
           0.008641253663018903,
           -0.09169349942093832,
           -0.09165050299092342,
           -0.09169812313254538,
           -0.09176075401013391,
           -0.09162716946860582,
           -0.091669554603925,
           -0.069100124535111,
           -0.06909162179298613,
           -0.06919408937650094,
           -0.06891411595239244,
           -0.06908890377598771,
           -0.06903509009396097,
           -0.06897541436819032,
           -0.06910982984445892
          ],
          [
           0.9999720105211998,
           0.9999444444045263,
           0.9999447203915837,
           0.9999441280460919,
           0.9999442714828302,
           0.9999439193677188,
           0.9999436470960663,
           1,
           0.9999441380998794,
           0.1511924619969942,
           0.15120978718946954,
           0.1511264035595541,
           0.15119721947764983,
           0.15120054632057575,
           0.151213786184534,
           -0.11055619628349972,
           -0.11060603929253086,
           -0.11063131929817742,
           -0.11061650189113686,
           -0.11056225144113133,
           -0.11041434083869829,
           -0.009308450225525448,
           -0.01845928652757201,
           0.006933756701391814,
           0.001274553942489042,
           0.008540705396508278,
           -0.09167781887623147,
           -0.09163500977461105,
           -0.09168286586233851,
           -0.0917468223587017,
           -0.09161154512128988,
           -0.09165342627092632,
           -0.06920788919938871,
           -0.06919891016086728,
           -0.06930274294668004,
           -0.06902177209279045,
           -0.06919721041619144,
           -0.06914167730801668,
           -0.0690839288883391,
           -0.06921830737245618
          ],
          [
           0.999971925603913,
           0.9999446675276409,
           0.9999439830327047,
           0.9999438121041752,
           0.9999433707007888,
           0.9999443358830412,
           0.9999432989989769,
           0.9999441380998794,
           1,
           0.15111667961864703,
           0.15113478946355322,
           0.15104995588823858,
           0.15112096538963166,
           0.15112527566381892,
           0.1511384547556327,
           -0.11048184820618008,
           -0.11053164549986468,
           -0.1105567259073243,
           -0.11054472836798866,
           -0.11048833158920962,
           -0.11033970719155431,
           -0.009238783869081493,
           -0.018525928793428723,
           0.00700195220838595,
           0.001338105872625886,
           0.008548421004359864,
           -0.09172706689573232,
           -0.09168399896279603,
           -0.09173192106105475,
           -0.09179492832446981,
           -0.09165990514954882,
           -0.09170299026438643,
           -0.06913778311589068,
           -0.06912872317609414,
           -0.0692326460788897,
           -0.06895251260773648,
           -0.06912698977696358,
           -0.06907240967371289,
           -0.06901438353707515,
           -0.06914773418163032
          ],
          [
           0.15116536996896107,
           0.1512905972022076,
           0.15119094630414778,
           0.1511906836087583,
           0.1511960826560622,
           0.15107743741614368,
           0.1511009045698999,
           0.1511924619969942,
           0.15111667961864703,
           1,
           0.9999844614241808,
           0.9999843099171433,
           0.9999842461377573,
           0.9999843111242382,
           0.9999844120011786,
           -0.4173211943157918,
           -0.4172403628298485,
           -0.41729456127068565,
           -0.41736411729513995,
           -0.4172853053803692,
           -0.41716128543800274,
           0.011689626011285821,
           0.0035162233017350646,
           -0.015396515037310954,
           -0.01445673106752103,
           -0.009922151215714523,
           0.22033884105600843,
           0.2202952997738805,
           0.2204208857985026,
           0.22028408064312982,
           0.22036047320413438,
           0.2203592218665804,
           -0.18768357114003673,
           -0.18767909555796805,
           -0.18766230800847272,
           -0.18766754497155733,
           -0.1877299386489177,
           -0.1876669518182577,
           -0.1876932665947124,
           -0.18757200504264876
          ],
          [
           0.1511830015517224,
           0.15130944673001476,
           0.15120834765985977,
           0.15120821035419893,
           0.15121430880657025,
           0.15109518837880917,
           0.15111814197628162,
           0.15120978718946954,
           0.15113478946355322,
           0.9999844614241808,
           1,
           0.9999684007478673,
           0.9999686960370776,
           0.9999689015913611,
           0.999969318246466,
           -0.4173519116369076,
           -0.4172711629774938,
           -0.41732459902595126,
           -0.41739506441625535,
           -0.41731635290740815,
           -0.4171918126642602,
           0.011735260487845118,
           0.0034711050376288323,
           -0.015415548959257291,
           -0.014418671675139477,
           -0.009920766652175958,
           0.2203095584400831,
           0.22026630520216423,
           0.22039164584857424,
           0.22025496284879736,
           0.22033203374110952,
           0.22032945003823004,
           -0.18764745946053288,
           -0.18764323229649232,
           -0.18762649754761024,
           -0.18763101277737929,
           -0.18769417178887016,
           -0.1876311937390712,
           -0.1876571396952237,
           -0.18753569453350738
          ],
          [
           0.151098467419844,
           0.15122367255070113,
           0.15112378106462473,
           0.15112394793238892,
           0.15113014709899653,
           0.15100933216696366,
           0.15103398340094806,
           0.1511264035595541,
           0.15104995588823858,
           0.9999843099171433,
           0.9999684007478673,
           1,
           0.9999688500976355,
           0.9999690114600672,
           0.9999692902632774,
           -0.41734118406557613,
           -0.4172605167106683,
           -0.4173145048391579,
           -0.41738435657726075,
           -0.4173054573844121,
           -0.41718183479828125,
           0.011746726821916959,
           0.0035632178948473117,
           -0.015442386233810673,
           -0.014487938877820981,
           -0.009915275330452536,
           0.22026042407781724,
           0.22021690995857063,
           0.22034205230411535,
           0.22020597192069216,
           0.22028196390522425,
           0.22028087739354135,
           -0.18777574300605457,
           -0.18777063603245672,
           -0.18775402289319257,
           -0.18775988617528158,
           -0.1878223341049984,
           -0.18775950943372324,
           -0.18778539196965774,
           -0.18766383803536366
          ],
          [
           0.15116999821526494,
           0.15129488393068852,
           0.1511958792879569,
           0.15119562440707135,
           0.15120044962941911,
           0.1510817846233958,
           0.15110599673260658,
           0.15119721947764983,
           0.15112096538963166,
           0.9999842461377573,
           0.9999686960370776,
           0.9999688500976355,
           1,
           0.9999684351430065,
           0.9999682696895751,
           -0.4173045737583323,
           -0.4172234614008982,
           -0.4172779333796636,
           -0.41734764089818427,
           -0.4172688182844708,
           -0.41714484268266394,
           0.011753400400710394,
           0.003525617225216273,
           -0.015447210334678928,
           -0.014427829410604514,
           -0.00995898567857331,
           0.22028237865940423,
           0.22023888072629672,
           0.2203649651502981,
           0.2202268888157281,
           0.2203034408859989,
           0.2203027293288284,
           -0.18752521582286993,
           -0.1875209878169459,
           -0.18750367926274208,
           -0.18750897732442354,
           -0.18757155154437788,
           -0.18750790714071114,
           -0.187535472476972,
           -0.18741326826750354
          ],
          [
           0.15117394377795718,
           0.1512994083530261,
           0.15119947306039352,
           0.15119922198799854,
           0.15120429336934918,
           0.15108635609312815,
           0.1511088525101682,
           0.15120054632057575,
           0.15112527566381892,
           0.9999843111242382,
           0.9999689015913611,
           0.9999690114600672,
           0.9999684351430065,
           1,
           0.9999688148012901,
           -0.4173212645520392,
           -0.4172407968925472,
           -0.4172946544162036,
           -0.4173638433042389,
           -0.41728521114825023,
           -0.4171610403546422,
           0.011720791024225076,
           0.0035131632871344283,
           -0.01536432664729607,
           -0.014454087125574855,
           -0.009857489699804163,
           0.2203290960530606,
           0.22028556642850042,
           0.22041144010714384,
           0.22027462122491764,
           0.22035069496424464,
           0.22034904828671337,
           -0.18769690474075917,
           -0.1876925722651609,
           -0.18767611222212607,
           -0.1876810352217453,
           -0.18774261864952504,
           -0.18768062451984596,
           -0.18770634551290669,
           -0.1875855328120929
          ],
          [
           0.15118698262563704,
           0.15131263336497958,
           0.15121205595315054,
           0.15121168936231993,
           0.15121771832592454,
           0.15109929003989656,
           0.1511227797295738,
           0.151213786184534,
           0.1511384547556327,
           0.9999844120011786,
           0.999969318246466,
           0.9999692902632774,
           0.9999682696895751,
           0.9999688148012901,
           1,
           -0.4172636495200346,
           -0.41718289318633595,
           -0.4172377584280635,
           -0.41730660134191827,
           -0.4172276861627895,
           -0.4171040275758628,
           0.011716031804392103,
           0.0035540466649468154,
           -0.015435554378108238,
           -0.014521048848892961,
           -0.010000833403879117,
           0.22030803946839042,
           0.22026484683659364,
           0.22039053368145778,
           0.22025335181640102,
           0.2203299133051447,
           0.22032837682115422,
           -0.18777528650355957,
           -0.18777046338188574,
           -0.18775368236503717,
           -0.18775934033402064,
           -0.18782177050976964,
           -0.1877593354946442,
           -0.18778511753841837,
           -0.18766346513426696
          ],
          [
           -0.11052814402037348,
           -0.11053658485272413,
           -0.11052339523247653,
           -0.11042133900851729,
           -0.11056569849271707,
           -0.11054077277136427,
           -0.11049326855477648,
           -0.11055619628349972,
           -0.11048184820618008,
           -0.4173211943157918,
           -0.4173519116369076,
           -0.41734118406557613,
           -0.4173045737583323,
           -0.4173212645520392,
           -0.4172636495200346,
           1,
           0.9999779517678056,
           0.9999774557995108,
           0.9999774920162166,
           0.9999778088324307,
           0.9999779849734207,
           -0.002808104684975573,
           -0.005257324821840879,
           0.013529052814556573,
           -0.014799380321737346,
           0.014000539188315977,
           -0.3765464107652272,
           -0.3765963273825289,
           -0.3765223262585909,
           -0.37655607925442075,
           -0.37655958604812706,
           -0.3766591996387155,
           -0.002185897358673309,
           -0.0021123697354021066,
           -0.002077810508659828,
           -0.0021060165750389553,
           -0.0021625608727627223,
           -0.0022469793408485934,
           -0.0022362628777335683,
           -0.0021824220683916884
          ],
          [
           -0.11057848009254279,
           -0.1105869122092123,
           -0.11057432441404152,
           -0.11047132924356792,
           -0.11061642039820856,
           -0.11059057619380708,
           -0.11054390003441554,
           -0.11060603929253086,
           -0.11053164549986468,
           -0.4172403628298485,
           -0.4172711629774938,
           -0.4172605167106683,
           -0.4172234614008982,
           -0.4172407968925472,
           -0.41718289318633595,
           0.9999779517678056,
           1,
           0.9999551765651119,
           0.9999557096121497,
           0.9999554534061205,
           0.9999555096917436,
           -0.0028553443889873624,
           -0.005304861609712759,
           0.013442197567613298,
           -0.014710541651518048,
           0.013930088736823387,
           -0.3765247424653335,
           -0.3765749648199366,
           -0.37650090269728387,
           -0.37653441026335466,
           -0.37653787029104,
           -0.37663695299474437,
           -0.0021601911202774977,
           -0.002086256284384988,
           -0.00205176958287898,
           -0.002079626056672003,
           -0.0021367160104792376,
           -0.002220616616013127,
           -0.0022107047248775213,
           -0.002156345439795589
          ],
          [
           -0.11060337179183705,
           -0.11061181506492361,
           -0.11059916604475896,
           -0.11049673247271186,
           -0.11064089509093347,
           -0.11061611205716407,
           -0.11056785636063357,
           -0.11063131929817742,
           -0.1105567259073243,
           -0.41729456127068565,
           -0.41732459902595126,
           -0.4173145048391579,
           -0.4172779333796636,
           -0.4172946544162036,
           -0.4172377584280635,
           0.9999774557995108,
           0.9999551765651119,
           1,
           0.9999548759489691,
           0.9999546120976326,
           0.9999552965843781,
           -0.0027587859802715334,
           -0.0053136063725568745,
           0.013509090480491715,
           -0.014823528692394568,
           0.013978351781768653,
           -0.37649405277483783,
           -0.37654379194741766,
           -0.3764699490219786,
           -0.3765039369588348,
           -0.37650760649176684,
           -0.37660623483394656,
           -0.002124332945927912,
           -0.002050404023992609,
           -0.002016451523590311,
           -0.00204463714227335,
           -0.002100932506627191,
           -0.002185334590223793,
           -0.002174166656090965,
           -0.0021205195332156222
          ],
          [
           -0.11058985185301015,
           -0.11059799753582397,
           -0.11058473855444068,
           -0.11048313755566475,
           -0.11062755596078809,
           -0.11060265311616965,
           -0.11055539972285529,
           -0.11061650189113686,
           -0.11054472836798866,
           -0.41736411729513995,
           -0.41739506441625535,
           -0.41738435657726075,
           -0.41734764089818427,
           -0.4173638433042389,
           -0.41730660134191827,
           0.9999774920162166,
           0.9999557096121497,
           0.9999548759489691,
           1,
           0.9999560477770589,
           0.9999554797051432,
           -0.002795813387230635,
           -0.005303340737071948,
           0.013560461520760075,
           -0.014719821769848528,
           0.013983078451769042,
           -0.37656755067817343,
           -0.3766175416048382,
           -0.37654388815832235,
           -0.37657729338369456,
           -0.3765807724445182,
           -0.37668021426826503,
           -0.0021138695414077502,
           -0.0020408743571985275,
           -0.002005540168373335,
           -0.0020343909691027617,
           -0.0020905703212367776,
           -0.0021751030802767343,
           -0.002163627401786222,
           -0.00211138986653398
          ],
          [
           -0.11053423694964895,
           -0.11054213477514202,
           -0.11053096043837288,
           -0.11042705737376494,
           -0.11057205120820132,
           -0.11054715997976418,
           -0.11049934363642637,
           -0.11056225144113133,
           -0.11048833158920962,
           -0.4172853053803692,
           -0.41731635290740815,
           -0.4173054573844121,
           -0.4172688182844708,
           -0.41728521114825023,
           -0.4172276861627895,
           0.9999778088324307,
           0.9999554534061205,
           0.9999546120976326,
           0.9999560477770589,
           1,
           0.9999557562356858,
           -0.00279227158611137,
           -0.005230067992034082,
           0.013594825592794945,
           -0.014785723095566748,
           0.01395712621906072,
           -0.37652906751704057,
           -0.37657911414708994,
           -0.37650526348830504,
           -0.37653901507163884,
           -0.3765425670686611,
           -0.3766417549257395,
           -0.0021632446873441928,
           -0.002089508067355893,
           -0.002055288660680483,
           -0.0020828656894257324,
           -0.0021392745023116585,
           -0.0022241164367762887,
           -0.002213163587880194,
           -0.002159461157472373
          ],
          [
           -0.11038639264463854,
           -0.1103944669112808,
           -0.11038134948737928,
           -0.11027940393172135,
           -0.1104236790696652,
           -0.11039923624375347,
           -0.11035184648486039,
           -0.11041434083869829,
           -0.11033970719155431,
           -0.41716128543800274,
           -0.4171918126642602,
           -0.41718183479828125,
           -0.41714484268266394,
           -0.4171610403546422,
           -0.4171040275758628,
           0.9999779849734207,
           0.9999555096917436,
           0.9999552965843781,
           0.9999554797051432,
           0.9999557562356858,
           1,
           -0.0028006201830078153,
           -0.005249273435974907,
           0.013595802687649046,
           -0.014864606439116346,
           0.014060171816932397,
           -0.37669144604042465,
           -0.37674138496106163,
           -0.37666681694187204,
           -0.3767013691643323,
           -0.37670430320486814,
           -0.37680346632813305,
           -0.0022823085931056616,
           -0.0022082705528746155,
           -0.002173712553431701,
           -0.0022029933067682,
           -0.0022584739615201586,
           -0.0023432175470726128,
           -0.002332523633546401,
           -0.002279106963150896
          ],
          [
           -0.009238135805192919,
           -0.009235811988733135,
           -0.009161930460810699,
           -0.00923809232230225,
           -0.009140402956538831,
           -0.009201177766326802,
           -0.009196627497866627,
           -0.009308450225525448,
           -0.009238783869081493,
           0.011689626011285821,
           0.011735260487845118,
           0.011746726821916959,
           0.011753400400710394,
           0.011720791024225076,
           0.011716031804392103,
           -0.002808104684975573,
           -0.0028553443889873624,
           -0.0027587859802715334,
           -0.002795813387230635,
           -0.00279227158611137,
           -0.0028006201830078153,
           1,
           0.0033454168118064445,
           -0.008167260000475886,
           -0.0010654889675626924,
           -0.006481773927407521,
           0.005997933693055935,
           0.00602668466604719,
           0.005928101986421144,
           0.005937089285629548,
           0.00605168984381896,
           0.005969290117528371,
           0.010866347671751366,
           0.010860214237537115,
           0.010810623988652767,
           0.010858495423641269,
           0.010915239456894689,
           0.011018753308658005,
           0.010893985988274934,
           0.010801967812001196
          ],
          [
           -0.01848317534786668,
           -0.01838135784068549,
           -0.018511220085669824,
           -0.01849918361857535,
           -0.01847652054887885,
           -0.018514673856805157,
           -0.018467992521669023,
           -0.01845928652757201,
           -0.018525928793428723,
           0.0035162233017350646,
           0.0034711050376288323,
           0.0035632178948473117,
           0.003525617225216273,
           0.0035131632871344283,
           0.0035540466649468154,
           -0.005257324821840879,
           -0.005304861609712759,
           -0.0053136063725568745,
           -0.005303340737071948,
           -0.005230067992034082,
           -0.005249273435974907,
           0.0033454168118064445,
           1,
           0.01587829997273355,
           -0.015882720373532444,
           0.0004740350614019631,
           -0.002386976765129878,
           -0.002339277313118606,
           -0.002281468700943881,
           -0.002356019349687574,
           -0.002256339136139534,
           -0.0024061525243339434,
           -0.0008691491689624748,
           -0.0010013291377774908,
           -0.000818794479227834,
           -0.0008394793824953389,
           -0.0008603929359191053,
           -0.0009337835736921821,
           -0.0009320559740066251,
           -0.00091100030629482
          ],
          [
           0.006934465821150997,
           0.006990524532000745,
           0.006965134892408135,
           0.006951093700847338,
           0.006873685956463235,
           0.007035120512498676,
           0.006970323220378969,
           0.006933756701391814,
           0.00700195220838595,
           -0.015396515037310954,
           -0.015415548959257291,
           -0.015442386233810673,
           -0.015447210334678928,
           -0.01536432664729607,
           -0.015435554378108238,
           0.013529052814556573,
           0.013442197567613298,
           0.013509090480491715,
           0.013560461520760075,
           0.013594825592794945,
           0.013595802687649046,
           -0.008167260000475886,
           0.01587829997273355,
           1,
           0.006804388202424222,
           0.003597758938417675,
           -0.010902006459262361,
           -0.011017661285706533,
           -0.010993139311013334,
           -0.010909507975462541,
           -0.010867639139988984,
           -0.01087951419447677,
           0.0042506532498852966,
           0.004240512673870492,
           0.004263832792193425,
           0.004066119050399485,
           0.004211715686211459,
           0.004209366227870824,
           0.0042307789252241735,
           0.004227012414972654
          ],
          [
           0.0012801142716737921,
           0.0013282669332536443,
           0.0013709657726489065,
           0.0012616769127614972,
           0.0013179479905723092,
           0.0012155281504715927,
           0.0013135785564694642,
           0.001274553942489042,
           0.001338105872625886,
           -0.01445673106752103,
           -0.014418671675139477,
           -0.014487938877820981,
           -0.014427829410604514,
           -0.014454087125574855,
           -0.014521048848892961,
           -0.014799380321737346,
           -0.014710541651518048,
           -0.014823528692394568,
           -0.014719821769848528,
           -0.014785723095566748,
           -0.014864606439116346,
           -0.0010654889675626924,
           -0.015882720373532444,
           0.006804388202424222,
           1,
           -0.018530986108677032,
           0.008028512874478642,
           0.008004247373897305,
           0.007992721097879038,
           0.00805486752400521,
           0.00805094394212472,
           0.00805409114808894,
           0.007676965805959385,
           0.007673304969818446,
           0.007560260822451085,
           0.007747965282312131,
           0.007675465848786023,
           0.007654933774794615,
           0.00763348759990325,
           0.0077020182210192955
          ],
          [
           0.008493894153635714,
           0.008563276118018553,
           0.008507358198710247,
           0.008532714564714744,
           0.008504684658181657,
           0.008520401713109636,
           0.008641253663018903,
           0.008540705396508278,
           0.008548421004359864,
           -0.009922151215714523,
           -0.009920766652175958,
           -0.009915275330452536,
           -0.00995898567857331,
           -0.009857489699804163,
           -0.010000833403879117,
           0.014000539188315977,
           0.013930088736823387,
           0.013978351781768653,
           0.013983078451769042,
           0.01395712621906072,
           0.014060171816932397,
           -0.006481773927407521,
           0.0004740350614019631,
           0.003597758938417675,
           -0.018530986108677032,
           1,
           -0.011487817799827932,
           -0.011490896963351729,
